363
-236
-76
299
282
-497
-221
499
883
940
897
-770
365
-129
-912
141
-572
671
-743
-42
18
-939
-808
-24
-940
-651
-162
-25
-819
967
870
420
-76
648
187
-286
990
263
362
284
-799
432
220
-240
-245
-594
-144
642
-558
594
159
381
-415
-115
69
504
825
-739
-446
299
-572
228
-259
817
-797
277
-518
-274
86
-257
945
963
-155
-967
492
-982
835
-680
439
-507
-994
-540
-159
661
-361
-51
16
338
-835
39
233
998
-154
700
295
-247
300
-4
381
-771
592
-343
485
-482
-425
797
17
-263
893
-143
-574
485
249
626
572
-816
-526
249
-749
-431
-500
-483
842
453
133
-652
85
-457
793
689
-749
844
795
-486
695
953
24
275
-181
599
791
-38
-161
-875
-968
-72
301
835
396
867
-689
-691
-471
486
-604
349
-143
-829
-625
-819
-85
995
784
656
-756
-528
293
180
-440
-710
244
-352
-234
-434
-889
111
745
-713
-780
-652
-743
49
266
265
-389
456
450
-394
9
-660
-273
529
-828
511
926
557
-917
706
228
397
933
722
4
537
-593
-842
-288
465
-622
127
-149
415
-85
331
-653
289
-698
-439
-23
829
-509
-20
-923
774
-384
-324
328
914
-111
-402
-889
853
-394
826
573
780
-619
757
-103
828
-171
-413
-503
-262
120
698
-327
688
93
-980
787
-854
-358
-659
-358
-95
210
993
28
-555
-242
-222
833
298
765
560
265
-427
-14
-458
506
-887
-696
-62
993
-871
-552
-463
-785
-751
-397
370
446
-147
-239
-449
614
390
-7
4
667
-82
485
776
666
353
79
924
162
-874
688
712
-432
-177
659
936
-553
70
-548
444
946
279
-462
-352
-40
-667
-382
-582
681
646
-863
409
-327
836
307
-530
-870
916
-461
263
841
-686
31
842
58
693
-192
228
-434
-545
-575
-471
-721
-467
192
-644
-407
-322
306
-372
337
809
-579
-769
428
-418
259
-540
-804
883
944
-355
-737
-812
-333
20
-333
-545
863
-981
486
-79
-928
-757
-426
-760
-821
168
-229
437
965
664
-574
-337
-459
-531
350
-831
387
-988
576
-924
-875
-485
671
140
-669
-532
564
265
95
-506
-274
-425
-363
657
466
-302
-425
-580
415
297
-668
-70
-22
-11
-751
-953
984
-930
474
43
-961
-475
874
782
-211
-919
-133
213
-613
-439
-789
-45
973
-926
-829
612
566
-38
-168
768
-791
419
256
600
-86
-306
-822
911
-455
585
-297
-98
-250
-436
346
100
-658
-197
-956
205
-497
52
255
-52
-345
-135
803
502
-689
902
-129
953
-772
733
-300
-839
308
-975
-463
-428
437
-143
493
13
585
20
671
-403
-526
811
-649
-206
951
791
102
-329
551
-162