-417
-584
-775
-334
-544
-199
-112
-988
-886
-104
-403
-160
-558
-423
-238
-196
-493
-290
-815
-529
-517
-101
-234
-981
-249
-29
-490
-612
-372
-737
-644
-362
-49
-278
-872
-728
-60
-942
-452
-349
-784
-476
-364
-895
-833
-526
-695
-923
-700
-673
-346
-63
-498
-668
-406
-13
-36
-294
-513
-694
-739
-358
-233
-613
-963
-106
-366
-804
-941
-482
-233
-563
-368
-668
-847
-436
-557
-321
-957
-990
-885
-832
-58
-890
-593
-602
-366
-23
-383
-508
-487
-800
-142
-509
-999
-776
-511
-857
-326
-159
-86
-937
-861
-946
-422
-829
-705
-127
-914
-1
-325
-829
-346
-384
-680
-105
-809
-97
-445
-819
-930
-190
-154
-11
-451
-723
-327
-847
-794
-973
-390
-870
-250
-678
-227
-879
-720
-719
-790
-387
-290
-571
-823
-832
-394
-740
-97
-973
-613
-408
-774
-155
-880
-94
-86
-23
-506
-531
-936
-63
-640
-261
-836
-413
-556
-589
-3
-357
-450
-93
-293
-861
-180
-164
-857
-255
-701
-945
-17
-514
-295
-517
-791
-447
-131
-896
-877
-973
-564
-320
-322
-199
-864
-300
-890
-890
-508
-416
-147
-408
-101
-575
-293
-139
-447
-748
-95
-636
-2
-217
-505
-859
-40
-582
-520
-133
-379
-992
-138
-33
-683
-223
-856
-440
-731
-141
-868
-979
-163
-83
-946
-904
-55
-737
-94
-984
-104
-397
-196
-354
-548
-170
-354
-566
-232
-287
-507
-335
-473
-597
-63
-305
-378
-848
-964
-264
-718
-576
-709
-753
-305
-570
-871
-388
-413
-507
-554
-288
-40
-848
-936
-486
-330
-291
-14
-878
-871
-259
-211
-417
-331
-934
-564
-298
-432
-924
-571
-327
-876
-784
-470
-110
-779
-796
-403
-230
-981
-118
-425
-6
-605
-417
-433
-498
-693
-126
-385
-653
-353
-955
-510
-626
-460
-340
-106
-414
-170
-810
-282
-257
-315
-729
-949
-59
-865
-607
-176
-352
-987
-889
-309
-955
-540
-165
-468
-782
-882
-901
-356
-588
-73
-986
-354
-467
-564
-42
-416
-517
-752
-921
-247
-417
-819
-418
-230
-686
-528
-965
-81
-30
-975
-509
-225
-136
-530
-930
-890
-625
-76
-350
-541
-91
-712
-411
-826
-382
-747
-604
-146
-724
-164
-436
-563
-900
-219
-735
-1000
-732
-576
-448
-730
-500
-965
-809
-606
-327
-421
-643
-586
-952
-996
-33
-990
-44
-370
-904
-698
-686
-271
-66
-538
-340
-29
-722
-821
-405
-458
-387
-38
-706
-565
-263
-98
-322
-427
-61
-279
-655
-93
-923
-109
-318
-777
-926
-348
-126
-424
-577
-995
-713
-300
-700
-657
-612
-972
-486
-448
-17
-564
-594
-464
-688
-95
-726
-108
-663
-554
-102
-85
-897
-722
-320
-888
-852
-458
-664
-342
-153
-210
-719
-394
-622
-902
-997
-902
-572
-713
-366
-432
-405
-837
-45
-271
-368
-574
-424
-570
-231
-30
-59
-19
-192
-150
-873
-759
-856
-850
-615
-991
-740