595
517
593
901
982
144
446
725
591
171
580
527
395
458
436
972
946
859
694
636
1
649
92
933
170
824
298
173
617
921
131
106
116
543
395
355
262
716
183
826
914
694
184
151
852
683
245
603
281
396
866
192
337
20
986
985
681
936
121
371
976
357
81
594
284
854
610
737
213
17
843
11
503
679
352
721
679
286
334
513
662
106
936
353
92
615
88
258
666
755
561
692
767
526
495
881
625
428
201
823
196
615
566
844
602
473
894
837
762
373
540
369
869
772
902
928
205
868
360
559
147
706
276
223
926
836
971
657
772
663
427
757
175
270
822
965
212
454
205
648
562
527
535
742
123
387
610
103
628
221
630
128
584
355
805
570
693
29
588
675
100
672
78
828
186
597
108
367
204
749
561
338
287
682
806
856
359
733
407
594
287
453
916
609
775
198
373
364
346
481
873
483
518
957
792
928
251
849
94
163
684
933
67
226
859
222
715
461
95
206
318
926
637
54
818
182
895
370
611
694
853
51
679
979
830
130
527
312
539
413
454
667
705
271
482
28
433
187
364
438
833
505
268
333
286
140
503
654
26
939
928
413
722
651
876
116
875
101
863
607
303
344
397
101
889
983
86
861
597
477
25
276
990
717
649
410
238
829
534
237
223
982
914
588
394
727
1
902
828
196
7
562
859
23
573
23
615
545
812
346
689
200
42
594
963
138
944
442
984
722
199
997
56
172
30
467
985
182
634
854
802
432
823
993
607
594
240
869
535
770
755
291
711
64
273
482
502
548
992
578
238
278
853
364
174
421
201
587
480
714
284
991
606
362
969
461
76
719
871
519
110
955
30
743
660
504
693
626
295
472
610
194
583
657
908
487
316
164
457
339
764
497
381
733
488
97
679
651
38
956
784
899
536
8
687
722
643
899
924
638
905
750
581
859
617
439
350
202
871
469
723
733
602
617
896
98
601
405
401
536
448
157
945
764
271
671
237
116
578
536
108
573
425
401
708
707
295
356
715
412
936
569
701
741
678
190
338
666
802
361
838
589
437
597
467
315
409
687
246
665
569
300
863
954
496
869
598
835
291
482
820
451
521
480
967
171
295
22
720
227
633
699
357
508
959
594
684
179
653
474
572
674
581
361
504
654
152
146
307
571